scores: [0.8963676841922089, 0.8480612949470576, 0.8690213544035507, 0.8727556384368411, 0.7917924073231825, 0.9955606776865963, 0.8200471087982202, 0.8390775490620175, 0.8633857262777885, 0.958991228774237, 0.813767914276235, 0.8984575833615376, 0.8395494363194077, 0.9080249866367355, 0.8579478494290769, 0.8104050901006099, 0.9817046666606526, 0.8531398768319237, 0.8860832491408436, 0.9652575713722094]
evaluation_score: 0.878
cost: 0.41017
